11 1 10 2 3 5 7 6 0 4 1 
15 1 14 0 2 5 7 6 3 4 1 
13 1 12 2 5 0 7 6 3 4 1 
12 2 10 2 3 5 7 0 6 4 1 
10 2 8 2 3 5 7 6 4 0 1 
13 3 10 2 3 0 7 6 4 5 1 
9 3 6 2 3 5 7 6 4 1 0 
12 4 8 2 3 5 0 6 4 1 7 
13 5 8 2 3 5 7 0 4 1 6 
18 6 12 0 3 5 7 6 4 1 2 
16 6 10 2 3 0 7 6 4 1 5 
15 5 10 2 3 0 5 6 4 1 7 
20 6 14 0 3 5 2 6 4 1 7 
17 7 10 2 3 5 6 0 4 1 7 
15 7 8 2 3 5 1 6 4 0 7 
13 3 10 0 3 5 7 2 6 4 1 
8 4 4 2 3 5 7 1 6 4 0 
17 5 12 2 3 5 0 7 6 4 1 
17 5 12 2 0 5 7 3 6 4 1 
11 5 6 2 3 5 0 1 6 4 7 
11 5 6 2 3 5 7 1 6 0 4 
17 7 10 0 3 5 7 1 6 4 2 
15 7 8 2 3 0 7 1 6 4 5 
14 6 8 2 3 0 5 1 6 4 7 
19 7 12 0 3 5 2 1 6 4 7 
18 8 10 2 3 5 1 0 6 4 7 
16 8 8 2 3 5 4 1 6 0 7 
14 6 8 2 3 0 7 1 6 5 4 
12 6 6 2 3 5 7 1 0 6 4 
15 7 8 2 0 5 7 1 3 6 4 
15 7 8 2 3 5 7 0 1 6 4 
14 4 10 3 0 5 7 2 6 4 1 
15 5 10 7 3 5 0 2 6 4 1 
8 6 2 1 3 5 7 2 6 4 0 
16 6 10 6 3 5 7 2 0 4 1 
11 7 4 1 3 5 0 2 6 4 7 
11 7 4 1 3 5 7 2 6 0 4 
16 8 8 1 3 5 7 0 6 4 2 
15 9 6 1 3 0 7 2 6 4 5 
14 8 6 1 3 0 5 2 6 4 7 
19 9 10 0 3 5 1 2 6 4 7 
20 10 10 1 3 5 2 0 6 4 7 
16 10 6 1 3 5 4 2 6 0 7 
14 8 6 1 3 0 7 2 6 5 4 
12 8 4 1 3 5 7 2 0 6 4 
15 9 6 1 0 5 7 2 3 6 4 
15 9 6 1 3 5 7 0 2 6 4 
16 4 12 2 0 3 7 6 4 5 1 
14 4 10 2 3 7 0 6 4 5 1 
14 6 8 0 3 5 7 2 4 1 6 
14 6 8 2 3 5 7 4 0 1 6 
18 8 10 2 3 5 0 7 4 1 6 
18 8 10 2 0 5 7 3 4 1 6 
14 2 12 2 5 4 7 6 3 0 1 
14 2 12 2 5 7 0 6 3 4 1 
15 7 8 3 0 5 7 2 4 1 6 
16 8 8 7 3 5 0 2 4 1 6 
15 9 6 6 3 5 7 2 4 1 0 
17 9 8 4 3 5 7 2 0 1 6 
15 9 6 1 3 4 5 2 6 0 7 
17 9 8 1 0 3 5 2 6 4 7 
17 9 8 1 0 3 7 2 6 5 4 
15 9 6 1 3 7 0 2 6 5 4 
15 7 8 2 3 4 5 1 6 0 7 
17 7 10 2 0 3 5 1 6 4 7 
17 7 10 2 0 3 7 1 6 5 4 
15 7 8 2 3 7 0 1 6 5 4 
17 7 10 2 0 5 7 4 3 1 6 
13 7 6 2 3 5 7 4 1 0 6 
16 8 8 2 3 0 7 4 1 5 6 
12 8 4 2 3 5 7 4 1 6 0 
15 9 6 2 3 5 0 4 1 6 7 
21 11 10 0 3 5 7 4 1 6 2 
19 11 8 2 3 0 7 4 1 6 5 
13 5 8 2 3 7 1 6 4 5 0 
22 6 16 0 3 7 2 6 4 5 1 
19 7 12 2 3 7 6 0 4 5 1 
17 7 10 2 3 7 5 6 4 0 1 
16 6 10 2 3 7 1 6 4 0 5 
17 7 10 2 3 7 1 0 4 5 6 
22 8 14 0 3 7 1 6 4 5 2 
18 8 10 2 3 0 1 6 4 5 7 
17 3 14 2 5 4 7 6 0 3 1 
13 3 10 2 5 4 7 6 3 1 0 
16 4 12 2 5 4 0 6 3 1 7 
17 5 12 2 5 4 7 0 3 1 6 
22 6 16 0 5 4 7 6 3 1 2 
18 6 12 2 5 0 7 6 3 1 4 
13 3 10 2 5 7 1 6 3 4 0 
22 4 18 0 5 7 2 6 3 4 1 
19 5 14 2 5 7 6 0 3 4 1 
17 5 12 2 5 7 4 6 3 0 1 
16 4 12 2 5 7 1 6 3 0 4 
17 5 12 2 5 7 1 0 3 4 6 
22 6 16 0 5 7 1 6 3 4 2 
18 6 12 2 5 0 1 6 3 4 7 
15 5 10 3 6 5 7 2 0 4 1 
15 5 10 3 5 0 7 2 6 4 1 
16 2 14 6 2 5 7 0 3 4 1 
17 3 14 7 2 5 0 6 3 4 1 
10 4 6 1 2 5 7 6 3 4 0 
16 4 12 3 2 5 7 6 0 4 1 
13 5 8 1 2 5 0 6 3 4 7 
13 5 8 1 2 5 7 6 3 0 4 
14 6 8 1 2 5 7 0 3 4 6 
17 7 10 1 2 0 7 6 3 4 5 
16 6 10 1 2 0 5 6 3 4 7 
21 7 14 0 2 5 1 6 3 4 7 
18 8 10 1 2 5 6 0 3 4 7 
16 8 8 1 2 5 4 6 3 0 7 
16 6 10 1 2 0 7 6 3 5 4 
16 6 10 1 2 5 7 6 0 3 4 
17 7 10 0 2 5 7 1 3 4 6 
15 7 8 1 2 5 7 3 0 4 6 
19 9 10 1 2 5 0 7 3 4 6 
15 9 6 1 0 5 7 2 3 4 6 
14 10 4 1 3 5 7 2 0 4 6 
18 10 8 0 1 5 7 2 3 4 6 
16 10 6 1 5 0 7 2 3 4 6 
17 11 6 1 3 5 7 0 2 4 6 
13 11 2 1 3 5 7 2 4 0 6 
16 12 4 1 3 0 7 2 4 5 6 
12 12 0 1 3 5 7 2 4 6 0 
