0 0 0 1 0 3 6 5 2 7 4
0 1 0 1 2 3 6 5 0 7 4
0 2 0 1 0 3 6 5 2 7 4
0 2 0 1 2 3 6 0 5 7 4
0 4 0 1 2 3 6 4 5 7 0
0 5 0 1 2 3 0 4 5 7 6
0 8 0 1 2 3 4 0 5 7 6
0 9 0 1 2 3 4 5 0 7 6
0 10 0 1 2 3 4 6 5 7 0
0 10 0 1 0 3 4 5 2 7 6
0 10 0 1 2 3 4 5 7 0 6
0 11 0 1 2 3 4 5 7 6 0
0 11 0 0 1 3 4 5 2 7 6
0 14 0 6 1 3 4 5 2 7 0
0 9 0 0 2 3 4 1 5 7 6
0 12 0 6 2 3 4 1 5 7 0
0 14 0 0 2 3 4 5 7 6 1
0 13 0 0 2 3 4 6 5 7 1
0 11 0 1 0 3 4 2 5 7 6
0 11 0 1 2 0 4 5 7 3 6
0 14 0 1 2 0 4 5 7 6 3
0 13 0 1 2 0 4 6 5 7 3
0 12 0 1 2 3 0 5 7 6 4
0 11 0 1 2 3 0 6 5 7 4
0 13 0 1 2 3 4 0 7 6 5
0 11 0 1 2 3 4 6 5 0 7
0 12 0 1 2 3 4 6 0 5 7
0 13 0 1 2 3 4 0 6 5 7
0 15 0 1 2 3 4 7 6 5 0
0 16 0 1 2 3 4 7 6 0 5
0 14 0 0 2 3 4 1 6 5 7
0 17 0 7 2 3 4 1 6 5 0
0 18 0 0 2 3 4 7 6 5 1
0 16 0 1 0 3 4 2 6 5 7
0 17 0 1 2 0 4 7 6 3 5
0 18 0 1 2 0 4 7 6 5 3
0 16 0 1 2 3 0 4 6 5 7
0 17 0 1 2 3 7 4 6 5 0
0 16 0 1 2 3 0 7 6 5 4
0 14 0 1 2 3 4 7 0 6 5
0 19 0 1 2 3 5 4 6 0 7
0 20 0 1 2 3 5 4 6 7 0
0 21 0 1 2 3 0 4 6 7 5
0 24 0 1 2 3 4 0 6 7 5
0 26 0 1 2 3 4 5 6 7 0
