11 1 10 6 3 4 0 1 2 5 7 
11 1 10 6 3 4 7 1 2 0 5 
16 2 14 6 3 4 7 0 2 5 1 
13 3 10 0 3 4 7 1 2 5 6 
13 3 10 6 3 0 7 1 2 5 4 
12 2 10 6 3 0 4 1 2 5 7 
15 3 12 0 3 4 6 1 2 5 7 
18 4 14 6 3 4 1 0 2 5 7 
14 4 10 6 3 4 5 1 2 0 7 
12 2 10 6 3 0 7 1 2 4 5 
14 2 12 6 3 4 7 1 0 2 5 
13 3 10 6 3 5 4 1 2 0 7 
13 3 10 6 0 3 4 1 2 5 7 
15 3 12 6 0 3 7 1 2 4 5 
13 3 10 6 3 7 0 1 2 4 5 
12 4 8 1 3 4 7 0 2 5 6 
14 4 10 3 0 4 7 1 2 5 6 
15 5 10 7 3 4 0 1 2 5 6 
14 6 8 2 3 4 7 1 0 5 6 
11 5 6 1 3 4 7 2 0 5 6 
12 6 6 1 3 4 7 6 2 5 0 
17 7 10 1 3 4 0 7 2 5 6 
17 7 10 1 0 4 7 3 2 5 6 
14 6 8 1 0 4 7 2 3 5 6 
12 6 6 1 3 4 7 2 5 0 6 
13 7 6 1 3 0 7 2 5 4 6 
11 7 4 1 3 4 7 2 5 6 0 
14 8 6 1 3 4 0 2 5 6 7 
19 9 10 1 3 4 7 0 5 6 2 
22 10 12 0 3 4 7 2 5 6 1 
16 10 6 1 3 0 7 2 5 6 4 
15 7 8 1 3 4 0 6 2 5 7 
15 7 8 1 3 4 7 6 2 0 5 
23 9 14 0 3 4 7 6 2 5 1 
17 9 8 1 3 0 7 6 2 5 4 
16 8 8 1 0 3 7 2 5 4 6 
14 8 6 1 3 7 0 2 5 4 6 
12 4 8 6 2 3 4 1 0 5 7 
14 4 10 0 6 3 4 1 2 5 7 
15 5 10 6 2 3 4 0 1 5 7 
11 5 6 6 2 3 4 1 5 0 7 
14 6 8 6 2 0 4 1 5 3 7 
10 6 4 6 2 3 4 1 5 7 0 
13 7 6 6 2 3 0 1 5 7 4 
18 8 10 6 2 3 4 0 5 7 1 
17 9 8 0 2 3 4 1 5 7 6 
17 9 8 6 2 0 4 1 5 7 3 
16 8 8 6 2 0 3 1 5 7 4 
19 9 10 0 2 3 6 1 5 7 4 
20 10 10 6 2 3 1 0 5 7 4 
18 10 8 6 2 3 7 1 5 0 4 
16 4 12 6 0 3 7 1 2 5 4 
14 4 10 6 3 7 0 1 2 5 4 
16 4 12 6 3 5 4 1 0 2 7 
12 4 8 6 3 5 4 1 2 7 0 
15 5 10 6 3 5 0 1 2 7 4 
20 6 14 6 3 5 4 0 2 7 1 
19 7 12 0 3 5 4 1 2 7 6 
17 7 10 6 3 0 4 1 2 7 5 
12 4 8 6 3 7 5 1 2 4 0 
17 5 12 0 3 7 6 1 2 4 5 
20 6 14 6 3 7 1 0 2 4 5 
16 6 10 6 3 7 4 1 2 0 5 
15 5 10 6 3 7 5 1 2 0 4 
20 6 14 6 3 7 5 0 2 4 1 
17 7 10 0 3 7 5 1 2 4 6 
17 7 10 6 3 0 5 1 2 4 7 
13 5 8 1 6 3 4 0 2 5 7 
16 6 10 4 6 3 0 1 2 5 7 
15 7 8 7 6 3 4 1 2 5 0 
15 7 8 2 6 3 4 1 0 5 7 
14 6 8 1 6 3 4 2 0 5 7 
13 7 6 1 6 3 4 7 2 5 0 
16 8 8 1 6 3 0 4 2 5 7 
16 8 8 1 0 3 4 6 2 5 7 
16 8 8 1 6 3 0 7 2 5 4 
16 8 8 1 6 3 4 7 2 0 5 
24 10 14 0 6 3 4 7 2 5 1 
20 10 10 1 6 0 4 7 2 5 3 
17 7 10 0 1 4 7 2 3 5 6 
13 7 6 1 4 0 7 2 3 5 6 
12 8 4 1 4 5 7 2 3 0 6 
14 8 6 1 4 7 0 2 3 5 6 
15 9 6 1 4 5 7 2 0 3 6 
11 9 2 1 4 5 7 2 3 6 0 
14 10 4 1 4 5 0 2 3 6 7 
19 11 8 1 4 5 7 0 3 6 2 
22 12 10 0 4 5 7 2 3 6 1 
18 12 6 1 4 0 7 2 3 6 5 
17 9 8 1 3 0 4 2 5 6 7 
22 10 12 0 3 4 1 2 5 6 7 
21 11 10 1 3 4 2 0 5 6 7 
19 11 8 1 3 4 6 2 5 0 7 
15 9 6 1 3 7 6 2 5 4 0 
22 10 12 0 3 7 1 2 5 4 6 
23 11 12 1 3 7 2 0 5 4 6 
19 11 8 1 3 7 4 2 5 0 6 
17 11 6 1 4 0 5 2 3 6 7 
22 12 10 0 4 5 1 2 3 6 7 
23 13 10 1 4 5 2 0 3 6 7 
19 13 6 1 4 5 6 2 3 0 7 
15 9 6 1 4 7 6 2 3 5 0 
22 10 12 0 4 7 1 2 3 5 6 
23 11 12 1 4 7 2 0 3 5 6 
17 11 6 1 4 7 5 2 3 0 6 
15 7 8 1 0 3 4 2 6 5 7 
13 7 6 1 6 3 4 2 5 0 7 
16 8 8 1 6 0 4 2 5 3 7 
12 8 4 1 6 3 4 2 5 7 0 
15 9 6 1 6 3 0 2 5 7 4 
18 10 8 1 6 3 4 0 5 7 2 
23 11 12 0 6 3 4 2 5 7 1 
19 11 8 1 6 0 4 2 5 7 3 
17 7 10 2 0 4 7 1 3 5 6 
15 7 8 2 3 4 7 1 5 0 6 
15 5 10 3 2 4 7 1 0 5 6 
13 5 8 3 4 0 7 1 2 5 6 
12 6 6 3 4 5 7 1 2 0 6 
14 6 8 3 4 7 0 1 2 5 6 
15 7 8 3 4 5 7 1 0 2 6 
11 7 4 3 4 5 7 1 2 6 0 
14 8 6 3 4 5 0 1 2 6 7 
19 9 10 3 4 5 7 0 2 6 1 
20 10 10 0 4 5 7 1 2 6 3 
18 10 8 3 4 0 7 1 2 6 5 
17 9 8 3 4 0 5 1 2 6 7 
20 10 10 0 4 5 3 1 2 6 7 
21 11 10 3 4 5 1 0 2 6 7 
19 11 8 3 4 5 6 1 2 0 7 
15 7 8 3 4 7 6 1 2 5 0 
20 8 12 0 4 7 3 1 2 5 6 
21 9 12 3 4 7 1 0 2 5 6 
17 9 8 3 4 7 5 1 2 0 6 
17 7 10 6 0 2 4 1 5 3 7 
15 7 8 6 2 4 0 1 5 3 7 
17 5 12 6 3 4 5 1 0 2 7 
15 5 10 6 3 4 5 1 2 7 0 
17 3 14 6 0 4 7 1 3 2 5 
17 3 14 6 3 4 7 0 1 2 5 
13 5 8 6 3 7 4 1 2 5 0 
18 6 12 0 3 7 6 1 2 5 4 
21 7 14 6 3 7 1 0 2 5 4 
21 7 14 6 3 7 4 0 2 5 1 
20 8 12 0 3 7 4 1 2 5 6 
14 4 10 1 3 4 6 0 2 5 7 
16 4 12 3 0 4 6 1 2 5 7 
16 6 10 7 3 4 6 1 2 5 0 
16 6 10 2 3 4 6 1 0 5 7 
13 5 8 1 3 4 6 2 0 5 7 
16 6 10 1 3 4 6 7 2 5 0 
19 7 12 1 0 4 6 3 2 5 7 
16 6 10 1 0 4 6 2 3 5 7 
15 7 8 1 3 0 6 2 5 4 7 
15 7 8 1 3 4 6 2 5 7 0 
18 8 10 0 1 3 4 2 6 5 7 
16 8 8 1 3 0 4 2 6 5 7 
18 8 10 1 0 3 6 2 5 4 7 
14 8 6 1 3 6 0 2 5 4 7 
13 9 4 1 3 6 7 2 5 4 0 
22 10 12 0 3 6 1 2 5 4 7 
23 11 12 1 3 6 2 0 5 4 7 
19 11 8 1 3 6 4 2 5 0 7 
16 10 6 1 3 6 7 2 5 0 4 
21 11 10 1 3 6 7 0 5 4 2 
24 12 12 0 3 6 7 2 5 4 1 
16 8 8 1 3 0 4 6 2 5 7 
23 9 14 0 3 4 1 6 2 5 7 
18 10 8 1 3 4 5 6 2 0 7 
16 8 8 1 3 4 0 2 5 7 6 
21 9 12 1 3 4 6 0 5 7 2 
26 10 16 0 3 4 6 2 5 7 1 
20 10 10 1 3 0 6 2 5 7 4 
18 10 8 1 3 7 6 2 5 0 4 
23 11 12 1 3 7 6 0 5 4 2 
26 12 14 0 3 7 6 2 5 4 1 
16 10 6 1 0 5 7 2 4 3 6 
18 10 8 1 4 5 7 0 2 3 6 
18 10 8 1 4 7 6 2 3 0 5 
23 11 12 1 4 7 6 0 3 5 2 
26 12 14 0 4 7 6 2 3 5 1 
20 12 8 1 4 0 6 2 3 5 7 
18 10 8 1 6 0 3 2 5 7 4 
23 11 12 0 6 3 1 2 5 7 4 
20 12 8 1 6 3 2 0 5 7 4 
20 12 8 1 6 3 7 2 5 0 4 
16 8 8 2 3 0 7 1 5 4 6 
14 8 6 2 3 4 7 1 5 6 0 
17 9 8 2 3 4 0 1 5 6 7 
22 10 12 2 3 4 7 0 5 6 1 
23 11 12 0 3 4 7 1 5 6 2 
19 11 8 2 3 0 7 1 5 6 4 
16 8 8 2 0 3 4 1 6 5 7 
14 8 6 2 6 3 4 1 5 0 7 
17 9 8 2 6 0 4 1 5 3 7 
13 9 4 2 6 3 4 1 5 7 0 
16 10 6 2 6 3 0 1 5 7 4 
21 11 10 2 6 3 4 0 5 7 1 
22 12 10 0 6 3 4 1 5 7 2 
20 12 8 2 6 0 4 1 5 7 3 
18 6 12 3 2 4 7 0 1 5 6 
16 6 10 3 2 4 7 1 5 0 6 
16 8 8 3 0 5 7 1 4 2 6 
18 8 10 3 4 5 7 0 1 2 6 
18 8 10 3 4 7 6 1 2 0 5 
23 9 14 3 4 7 6 0 2 5 1 
24 10 14 0 4 7 6 1 2 5 3 
20 10 10 3 4 0 6 1 2 5 7 
16 4 12 6 2 3 7 1 0 4 5 
16 4 12 0 6 3 7 1 2 4 5 
16 6 10 0 2 3 4 6 1 5 7 
15 7 8 6 2 3 4 7 1 5 0 
20 8 12 6 2 3 0 4 1 5 7 
20 8 12 6 0 3 4 2 1 5 7 
18 8 10 6 2 3 0 7 1 5 4 
18 8 10 6 2 3 4 7 1 0 5 
22 10 12 0 2 3 4 7 1 5 6 
22 10 12 6 2 0 4 7 1 5 3 
16 8 8 6 2 4 7 1 5 3 0 
21 9 12 0 2 4 6 1 5 3 7 
22 10 12 6 2 4 1 0 5 3 7 
18 10 8 6 2 4 3 1 5 0 7 
18 6 12 6 0 3 5 1 2 4 7 
14 6 8 6 3 5 0 1 2 4 7 
13 7 6 6 3 5 7 1 2 4 0 
18 8 10 0 3 5 6 1 2 4 7 
21 9 12 6 3 5 1 0 2 4 7 
16 8 8 6 3 5 7 1 2 0 4 
21 9 12 6 3 5 7 0 2 4 1 
18 10 8 0 3 5 7 1 2 4 6 
16 6 10 6 3 4 0 1 2 7 5 
23 7 16 6 3 4 5 0 2 7 1 
20 8 12 0 3 4 5 1 2 7 6 
20 8 12 6 3 0 5 1 2 7 4 
19 7 12 0 3 5 6 1 2 7 4 
22 8 14 6 3 5 1 0 2 7 4 
18 6 12 7 3 0 4 1 2 5 6 
22 8 14 7 3 4 1 0 2 5 6 
18 8 10 7 3 4 5 1 2 0 6 
18 8 10 7 6 3 0 1 2 5 4 
18 8 10 7 6 3 4 1 2 0 5 
23 9 14 7 6 3 4 0 2 5 1 
22 10 12 7 6 0 4 1 2 5 3 
17 7 10 2 0 3 4 6 1 5 7 
18 8 10 4 2 3 0 6 1 5 7 
17 9 8 7 2 3 4 6 1 5 0 
15 9 6 1 2 3 4 6 0 5 7 
16 10 6 1 2 3 4 0 6 5 7 
14 10 4 1 2 3 4 6 5 0 7 
17 11 6 1 2 0 4 6 5 3 7 
13 11 2 1 2 3 4 6 5 7 0 
16 12 4 1 2 3 0 6 5 7 4 
19 13 6 1 2 3 4 0 5 7 6 
24 14 10 0 2 3 4 6 5 7 1 
20 14 6 1 2 0 4 6 5 7 3 
15 5 10 1 6 3 7 0 2 4 5 
18 6 12 7 6 3 0 1 2 4 5 
15 7 8 5 6 3 7 1 2 4 0 
17 7 10 2 6 3 7 1 0 4 5 
14 6 8 1 6 3 7 2 0 4 5 
13 7 6 1 6 3 7 5 2 4 0 
18 8 10 1 6 3 0 7 2 4 5 
18 8 10 1 0 3 7 6 2 4 5 
14 8 6 1 6 3 0 5 2 4 7 
14 8 6 1 6 3 7 5 2 0 4 
24 10 14 0 6 3 7 5 2 4 1 
20 10 10 1 6 0 7 5 2 4 3 
17 9 8 1 6 0 3 5 2 4 7 
22 10 12 0 6 3 1 5 2 4 7 
21 11 10 1 6 3 5 0 2 4 7 
15 11 4 1 6 3 4 5 2 0 7 
15 7 8 1 0 3 7 2 6 4 5 
13 7 6 1 6 3 7 2 4 0 5 
16 8 8 1 6 0 7 2 4 3 5 
12 8 4 1 6 3 7 2 4 5 0 
15 9 6 1 6 3 0 2 4 5 7 
20 10 10 1 6 3 7 0 4 5 2 
23 11 12 0 6 3 7 2 4 5 1 
19 11 8 1 6 0 7 2 4 5 3 
17 9 8 1 6 0 7 5 2 3 4 
17 9 8 1 6 3 7 5 0 2 4 
18 8 10 0 1 3 7 2 6 4 5 
14 8 6 1 3 0 7 2 6 4 5 
15 9 6 1 3 4 7 2 6 0 5 
15 9 6 1 3 7 0 2 6 4 5 
16 10 6 1 3 4 7 2 0 6 5 
14 10 4 1 3 4 7 2 6 5 0 
17 11 6 1 3 4 0 2 6 5 7 
22 12 10 1 3 4 7 0 6 5 2 
25 13 12 0 3 4 7 2 6 5 1 
19 13 6 1 3 0 7 2 6 5 4 
14 10 4 1 3 7 5 2 6 4 0 
23 11 12 0 3 7 1 2 6 4 5 
24 12 12 1 3 7 2 0 6 4 5 
20 12 8 1 3 7 4 2 6 0 5 
17 11 6 1 3 7 5 2 6 0 4 
22 12 10 1 3 7 5 0 6 4 2 
25 13 12 0 3 7 5 2 6 4 1 
19 13 6 1 3 0 5 2 6 4 7 
18 10 8 1 6 0 3 2 4 5 7 
23 11 12 0 6 3 1 2 4 5 7 
24 12 12 1 6 3 2 0 4 5 7 
18 12 6 1 6 3 5 2 4 0 7 
18 12 6 1 6 0 4 5 2 3 7 
18 12 6 1 6 3 4 5 0 2 7 
14 12 2 1 6 3 4 5 2 7 0 
17 13 4 1 6 3 0 5 2 7 4 
22 14 8 1 6 3 4 0 2 7 5 
25 15 10 0 6 3 4 5 2 7 1 
21 15 6 1 6 0 4 5 2 7 3 
16 8 8 5 6 3 0 1 2 4 7 
16 8 8 5 6 3 7 1 2 0 4 
23 9 14 5 6 3 7 0 2 4 1 
22 10 12 5 6 0 7 1 2 4 3 
15 9 6 1 5 3 7 2 0 4 6 
19 9 10 0 1 3 7 2 5 4 6 
18 10 8 1 5 3 7 0 2 4 6 
14 10 4 1 5 3 7 2 4 0 6 
17 11 6 1 5 0 7 2 4 3 6 
13 11 2 1 5 3 7 2 4 6 0 
16 12 4 1 5 3 0 2 4 6 7 
21 13 8 1 5 3 7 0 4 6 2 
24 14 10 0 5 3 7 2 4 6 1 
20 14 6 1 5 0 7 2 4 6 3 
19 7 12 0 1 4 6 2 3 5 7 
14 8 6 1 4 6 0 2 3 5 7 
17 9 8 1 4 5 6 2 0 3 7 
15 9 6 1 4 5 6 2 3 7 0 
13 9 4 1 4 6 7 2 3 5 0 
22 10 12 0 4 6 1 2 3 5 7 
23 11 12 1 4 6 2 0 3 5 7 
17 11 6 1 4 6 5 2 3 0 7 
16 10 6 1 4 6 7 2 3 0 5 
21 11 10 1 4 6 7 0 3 5 2 
24 12 12 0 4 6 7 2 3 5 1 
16 10 6 1 4 5 0 2 3 7 6 
23 11 12 1 4 5 6 0 3 7 2 
26 12 14 0 4 5 6 2 3 7 1 
22 12 10 1 4 0 6 2 3 7 5 
19 11 8 0 1 5 7 2 4 3 6 
19 13 6 1 2 0 3 6 5 7 4 
24 14 10 0 2 3 1 6 5 7 4 
23 15 8 1 2 3 6 0 5 7 4 
21 15 6 1 2 3 7 6 5 0 4 
19 11 8 0 2 3 4 1 6 5 7 
16 12 4 1 2 3 4 7 6 5 0 
21 13 8 1 2 3 0 4 6 5 7 
19 13 6 1 2 3 0 7 6 5 4 
19 13 6 1 2 3 4 7 6 0 5 
27 15 12 0 2 3 4 7 6 5 1 
23 15 8 1 2 0 4 7 6 5 3 
15 9 6 1 3 5 4 2 6 0 7 
23 11 12 0 3 4 1 2 6 5 7 
22 12 10 1 3 4 2 0 6 5 7 
18 12 6 1 3 4 5 2 6 0 7 
16 10 6 1 3 5 4 2 0 6 7 
16 10 6 1 3 5 4 2 6 7 0 
17 9 8 1 3 5 4 6 2 0 7 
19 11 8 1 0 3 7 2 5 6 4 
17 9 8 1 3 0 4 2 5 7 6 
24 10 14 0 3 4 1 2 5 7 6 
21 11 10 1 3 4 2 0 5 7 6 
19 7 12 1 3 4 6 7 2 0 5 
27 9 18 0 3 4 6 7 2 5 1 
21 9 12 1 3 0 6 7 2 5 4 
19 11 8 1 0 4 7 2 3 6 5 
19 11 8 1 3 4 7 0 2 6 5 
19 11 8 1 0 5 4 2 3 6 7 
19 11 8 1 3 5 4 0 2 6 7 
17 11 6 1 3 5 0 2 6 7 4 
22 12 10 1 3 5 4 0 6 7 2 
27 13 14 0 3 5 4 2 6 7 1 
21 13 8 1 3 0 4 2 6 7 5 
19 11 8 1 4 0 5 2 3 7 6 
24 12 12 0 4 5 1 2 3 7 6 
25 13 12 1 4 5 2 0 3 7 6 
19 11 8 1 4 6 7 2 0 3 5 
19 13 6 1 5 0 3 2 4 6 7 
24 14 10 0 5 3 1 2 4 6 7 
25 15 10 1 5 3 2 0 4 6 7 
21 15 6 1 5 3 6 2 4 0 7 
19 9 10 1 0 6 4 2 5 3 7 
17 9 8 1 6 4 0 2 5 3 7 
17 9 8 1 0 6 7 2 4 3 5 
17 9 8 1 6 7 0 2 4 3 5 
15 9 6 1 6 3 7 4 2 5 0 
19 9 10 1 6 0 3 4 2 5 7 
24 10 14 0 6 3 1 4 2 5 7 
19 11 8 1 6 3 5 4 2 0 7 
18 10 8 1 6 3 7 4 2 0 5 
21 11 10 1 6 3 7 0 2 5 4 
26 12 14 0 6 3 7 4 2 5 1 
22 12 10 1 6 0 7 4 2 5 3 
19 9 10 1 6 0 3 7 2 5 4 
24 10 14 0 6 3 1 7 2 5 4 
21 11 10 1 6 3 5 7 2 0 4 
19 9 10 1 6 0 4 7 2 3 5 
19 9 10 1 6 3 4 7 0 2 5 
17 9 8 2 3 0 4 1 6 5 7 
19 9 10 2 0 3 7 1 5 4 6 
17 9 8 2 3 7 0 1 5 4 6 
19 7 12 2 0 4 6 1 3 5 7 
19 7 12 2 3 4 6 0 1 5 7 
17 7 10 2 3 4 6 1 5 0 7 
19 11 8 2 6 0 3 1 5 7 4 
22 12 10 0 6 3 2 1 5 7 4 
23 13 10 2 6 3 1 0 5 7 4 
21 13 8 2 6 3 7 1 5 0 4 
17 5 12 3 2 4 6 1 0 5 7 
14 6 8 3 4 6 0 1 2 5 7 
17 7 10 3 4 5 6 1 0 2 7 
15 7 8 3 4 5 6 1 2 7 0 
13 7 6 3 4 6 7 1 2 5 0 
20 8 12 0 4 6 3 1 2 5 7 
21 9 12 3 4 6 1 0 2 5 7 
17 9 8 3 4 6 5 1 2 0 7 
16 8 8 3 4 6 7 1 2 0 5 
21 9 12 3 4 6 7 0 2 5 1 
22 10 12 0 4 6 7 1 2 5 3 
16 8 8 3 4 5 0 1 2 7 6 
23 9 14 3 4 5 6 0 2 7 1 
24 10 14 0 4 5 6 1 2 7 3 
22 10 12 3 4 0 6 1 2 7 5 
17 9 8 0 3 5 7 1 4 2 6 
17 9 8 3 5 0 7 1 4 2 6 
17 7 10 3 2 0 7 1 5 4 6 
15 7 8 3 2 4 7 1 5 6 0 
16 8 8 3 2 4 0 1 5 6 7 
23 9 14 3 2 4 7 0 5 6 1 
22 10 12 0 2 4 7 1 5 6 3 
20 10 10 3 2 0 7 1 5 6 4 
17 9 8 3 2 0 4 1 5 6 7 
20 10 10 0 2 4 3 1 5 6 7 
23 11 12 3 2 4 1 0 5 6 7 
21 11 10 3 2 4 6 1 5 0 7 
19 9 10 3 4 0 5 1 2 7 6 
22 10 12 0 4 5 3 1 2 7 6 
23 11 12 3 4 5 1 0 2 7 6 
19 9 10 3 4 6 7 1 0 2 5 
15 7 8 4 6 3 7 1 2 5 0 
19 7 12 4 6 0 3 1 2 5 7 
23 9 14 4 6 3 1 0 2 5 7 
19 9 10 4 6 3 5 1 2 0 7 
18 8 10 4 6 3 7 1 2 0 5 
23 9 14 4 6 3 7 0 2 5 1 
22 10 12 0 6 3 7 1 2 5 4 
22 10 12 4 6 0 7 1 2 5 3 
19 9 10 5 6 0 3 1 2 4 7 
22 10 12 0 6 3 5 1 2 4 7 
23 11 12 5 6 3 1 0 2 4 7 
17 11 6 5 6 3 4 1 2 0 7 
19 9 10 5 6 0 7 1 2 3 4 
19 9 10 5 6 3 7 1 0 2 4 
15 5 10 6 2 3 7 1 0 5 4 
18 6 12 6 2 3 7 0 1 5 4 
17 7 10 6 2 0 7 1 5 3 4 
15 7 8 6 2 3 7 1 5 4 0 
16 8 8 6 2 3 0 1 5 4 7 
23 9 14 6 2 3 7 0 5 4 1 
22 10 12 0 2 3 7 1 5 4 6 
22 10 12 6 2 0 7 1 5 4 3 
17 9 8 6 2 7 3 1 5 0 4 
19 9 10 6 0 2 3 1 5 7 4 
19 9 10 6 2 0 3 1 5 4 7 
22 10 12 0 2 3 6 1 5 4 7 
23 11 12 6 2 3 1 0 5 4 7 
19 5 14 6 2 3 7 0 1 4 5 
15 5 10 6 2 3 7 1 4 0 5 
18 6 12 6 2 0 7 1 4 3 5 
14 6 8 6 2 3 7 1 4 5 0 
17 7 10 6 2 3 0 1 4 5 7 
22 8 14 6 2 3 7 0 4 5 1 
19 9 10 0 2 3 7 1 4 5 6 
21 9 12 6 2 0 7 1 4 5 3 
19 9 10 6 2 4 7 1 5 0 3 
24 10 14 6 2 4 7 0 5 3 1 
23 11 12 0 2 4 7 1 5 3 6 
22 8 14 0 3 4 6 1 2 7 5 
23 9 14 6 3 4 1 0 2 7 5 
15 3 12 6 3 4 7 2 0 5 1 
19 5 14 6 3 4 0 7 2 5 1 
21 5 16 6 0 4 7 3 2 5 1 
18 4 14 6 0 4 7 2 3 5 1 
16 4 12 6 3 4 7 2 5 0 1 
17 5 12 6 3 0 7 2 5 4 1 
15 5 10 6 3 4 7 2 5 1 0 
18 6 12 6 3 4 0 2 5 1 7 
23 7 16 6 3 4 7 0 5 1 2 
20 8 12 0 3 4 7 2 5 1 6 
20 8 12 6 3 0 7 2 5 1 4 
19 5 14 6 0 5 4 1 3 2 7 
19 5 14 6 3 5 4 0 1 2 7 
19 9 10 6 3 5 7 1 0 2 4 
19 7 12 6 3 7 4 1 0 2 5 
19 7 12 7 3 4 6 1 2 0 5 
24 8 16 7 3 4 6 0 2 5 1 
21 9 12 7 3 0 6 1 2 5 4 
18 8 10 2 1 4 7 0 3 5 6 
19 9 10 7 1 4 0 2 3 5 6 
18 10 8 6 1 4 7 2 3 5 0 
18 10 8 3 1 4 7 2 0 5 6 
18 10 8 2 0 3 4 1 5 7 6 
19 11 8 4 2 3 0 1 5 7 6 
18 12 6 5 2 3 4 1 0 7 6 
15 11 4 1 2 3 4 5 0 7 6 
21 13 8 1 2 3 0 4 5 7 6 
21 13 8 1 0 3 4 2 5 7 6 
18 12 6 1 0 3 4 5 2 7 6 
16 12 4 1 2 3 4 5 7 0 6 
19 13 6 1 2 0 4 5 7 3 6 
15 13 2 1 2 3 4 5 7 6 0 
18 14 4 1 2 3 0 5 7 6 4 
23 15 8 1 2 3 4 0 7 6 5 
26 16 10 0 2 3 4 5 7 6 1 
22 16 6 1 2 0 4 5 7 6 3 
19 11 8 4 2 3 0 1 6 5 7 
18 12 6 7 2 3 4 1 6 5 0 
18 4 14 3 0 4 7 6 2 5 1 
19 5 14 7 3 4 0 6 2 5 1 
18 6 12 2 3 4 7 6 0 5 1 
16 8 8 1 3 0 7 6 2 4 5 
18 8 10 1 3 4 7 6 0 2 5 
17 9 8 1 3 7 0 6 2 4 5 
16 10 6 1 3 5 7 0 4 2 6 
19 11 8 7 3 5 0 1 4 2 6 
18 12 6 6 3 5 7 1 4 2 0 
20 12 8 4 3 5 7 1 0 2 6 
17 11 6 1 3 5 7 4 0 2 6 
16 12 4 1 3 5 7 6 4 2 0 
21 13 8 1 3 5 0 7 4 2 6 
21 13 8 1 0 5 7 3 4 2 6 
19 13 6 1 3 5 0 6 4 2 7 
19 13 6 1 3 5 7 6 4 0 2 
27 15 12 0 3 5 7 6 4 2 1 
23 15 8 1 3 0 7 6 4 2 5 
16 8 8 1 3 7 5 0 2 4 6 
18 8 10 3 0 7 5 1 2 4 6 
17 9 8 5 3 7 0 1 2 4 6 
18 10 8 2 3 7 5 1 0 4 6 
15 9 6 1 3 7 5 2 0 4 6 
16 10 6 1 3 7 5 6 2 4 0 
19 11 8 1 3 7 0 5 2 4 6 
21 11 10 1 0 7 5 3 2 4 6 
18 10 8 1 0 7 5 2 3 4 6 
14 10 4 1 3 7 5 2 4 0 6 
17 11 6 1 3 0 5 2 4 7 6 
13 11 2 1 3 7 5 2 4 6 0 
16 12 4 1 3 7 0 2 4 6 5 
21 13 8 1 3 7 5 0 4 6 2 
24 14 10 0 3 7 5 2 4 6 1 
18 14 4 1 3 0 5 2 4 6 7 
17 13 4 1 3 0 7 2 4 6 5 
24 14 10 0 3 7 1 2 4 6 5 
25 15 10 1 3 7 2 0 4 6 5 
21 15 6 1 3 7 6 2 4 0 5 
19 11 8 1 3 7 5 6 2 0 4 
27 13 14 0 3 7 5 6 2 4 1 
21 13 8 1 3 0 5 6 2 4 7 
16 6 10 1 3 7 6 0 2 4 5 
18 6 12 3 0 7 6 1 2 4 5 
16 8 8 5 3 7 6 1 2 4 0 
18 8 10 2 3 7 6 1 0 4 5 
15 7 8 1 3 7 6 2 0 4 5 
16 8 8 1 3 7 6 5 2 4 0 
21 9 12 1 0 7 6 3 2 4 5 
18 8 10 1 0 7 6 2 3 4 5 
17 9 8 1 3 0 6 2 4 7 5 
13 9 4 1 3 7 6 2 4 5 0 
14 10 4 1 3 7 0 2 4 5 6 
21 11 10 1 3 7 6 0 4 5 2 
24 12 12 0 3 7 6 2 4 5 1 
18 12 6 1 3 0 6 2 4 5 7 
15 11 4 1 3 0 7 2 4 5 6 
22 12 10 0 3 7 1 2 4 5 6 
23 13 10 1 3 7 2 0 4 5 6 
14 12 2 1 3 5 7 2 4 0 6 
18 12 6 1 0 3 7 2 4 5 6 
17 13 4 1 3 5 7 2 0 4 6 
13 13 0 1 3 5 7 2 4 6 0 
