0 0 0 6 3 4 7 1 2 5 0
1 3 0 0 3 4 7 1 2 5 6
1 6 0 6 3 4 7 1 2 5 0
1 4 0 1 3 4 7 0 2 5 6
1 6 0 1 3 4 7 6 2 5 0
1 9 0 0 3 4 7 6 2 5 1
1 7 0 1 0 4 7 3 2 5 6
1 8 0 0 1 4 7 3 2 5 6
1 11 0 6 1 4 7 3 2 5 0
1 8 0 1 2 4 7 3 0 5 6
1 9 0 1 2 4 7 0 3 5 6
1 11 0 1 2 4 7 6 3 5 0
1 10 0 0 2 4 7 1 3 5 6
1 13 0 6 2 4 7 1 3 5 0
1 14 0 0 2 4 7 6 3 5 1
1 12 0 1 0 4 7 2 3 5 6
1 13 0 0 1 4 7 2 3 5 6
1 16 0 6 1 4 7 2 3 5 0
1 14 0 1 2 0 7 6 3 5 4
1 15 0 1 0 2 7 6 3 5 4
1 16 0 0 1 2 7 6 3 5 4
1 19 0 4 1 2 7 6 3 5 0
1 12 0 1 2 4 0 6 3 5 7
1 14 0 0 2 4 1 6 3 5 7
1 17 0 7 2 4 1 6 3 5 0
1 13 0 1 2 0 4 6 3 5 7
1 14 0 1 0 2 4 6 3 5 7
1 15 0 0 1 2 4 6 3 5 7
1 18 0 7 1 2 4 6 3 5 0
1 12 0 1 2 4 0 7 3 5 6
1 13 0 1 2 4 6 7 3 5 0
1 14 0 0 2 4 1 7 3 5 6
1 17 0 6 2 4 1 7 3 5 0
1 16 0 0 2 4 6 7 3 5 1
1 13 0 1 2 0 4 7 3 5 6
1 14 0 1 0 2 4 7 3 5 6
1 15 0 0 1 2 4 7 3 5 6
1 18 0 6 1 2 4 7 3 5 0
1 16 0 1 2 0 6 7 3 5 4
1 17 0 1 0 2 6 7 3 5 4
1 18 0 0 1 2 6 7 3 5 4
1 21 0 4 1 2 6 7 3 5 0
1 15 0 1 2 4 5 6 3 0 7
1 16 0 1 2 4 5 6 3 7 0
1 19 0 0 2 4 5 6 3 7 1
1 16 0 1 2 0 5 6 3 4 7
1 17 0 1 0 2 5 6 3 4 7
1 18 0 0 1 2 5 6 3 4 7
1 21 0 7 1 2 5 6 3 4 0
1 19 0 1 2 0 5 6 3 7 4
1 20 0 1 0 2 5 6 3 7 4
1 21 0 0 1 2 5 6 3 7 4
1 24 0 4 1 2 5 6 3 7 0
1 17 0 1 2 4 0 6 3 7 5
1 19 0 0 2 4 1 6 3 7 5
1 22 0 5 2 4 1 6 3 7 0
1 18 0 1 2 0 4 6 3 7 5
1 19 0 1 0 2 4 6 3 7 5
1 20 0 0 1 2 4 6 3 7 5
1 23 0 5 1 2 4 6 3 7 0
1 18 0 1 2 4 5 0 3 7 6
1 19 0 0 2 4 5 1 3 7 6
1 22 0 6 2 4 5 1 3 7 0
1 21 0 1 0 4 5 2 3 7 6
1 22 0 0 1 4 5 2 3 7 6
1 25 0 6 1 4 5 2 3 7 0
1 21 0 1 2 4 0 5 3 7 6
1 22 0 1 2 4 6 5 3 7 0
1 23 0 0 2 4 1 5 3 7 6
1 26 0 6 2 4 1 5 3 7 0
1 25 0 0 2 4 6 5 3 7 1
1 22 0 1 2 0 4 5 3 7 6
1 23 0 1 0 2 4 5 3 7 6
1 24 0 0 1 2 4 5 3 7 6
1 27 0 6 1 2 4 5 3 7 0
1 25 0 1 2 0 6 5 3 7 4
1 26 0 1 0 2 6 5 3 7 4
1 27 0 0 1 2 6 5 3 7 4
1 30 0 4 1 2 6 5 3 7 0
1 19 0 1 2 4 5 3 0 7 6
1 20 0 1 0 4 5 3 2 7 6
1 21 0 0 1 4 5 3 2 7 6
1 24 0 6 1 4 5 3 2 7 0
1 20 0 1 2 4 5 3 7 0 6
1 21 0 1 2 4 5 3 7 6 0
1 24 0 0 2 4 5 3 7 6 1
1 21 0 1 2 0 5 3 7 4 6
1 22 0 1 0 2 5 3 7 4 6
1 23 0 0 1 2 5 3 7 4 6
1 26 0 6 1 2 5 3 7 4 0
1 24 0 1 2 0 5 3 7 6 4
1 25 0 1 0 2 5 3 7 6 4
1 26 0 0 1 2 5 3 7 6 4
1 29 0 4 1 2 5 3 7 6 0
1 22 0 1 2 4 0 3 7 6 5
1 24 0 0 2 4 1 3 7 6 5
1 27 0 5 2 4 1 3 7 6 0
1 23 0 1 2 0 4 3 7 6 5
1 24 0 1 0 2 4 3 7 6 5
1 25 0 0 1 2 4 3 7 6 5
1 28 0 5 1 2 4 3 7 6 0
1 25 0 1 2 4 3 0 7 6 5
1 27 0 1 2 4 3 5 7 6 0
1 26 0 0 2 4 3 1 7 6 5
1 29 0 5 2 4 3 1 7 6 0
1 30 0 0 2 4 3 5 7 6 1
1 28 0 1 0 4 3 2 7 6 5
1 29 0 0 1 4 3 2 7 6 5
1 32 0 5 1 4 3 2 7 6 0
1 30 0 1 2 0 3 5 7 6 4
1 31 0 1 0 2 3 5 7 6 4
1 32 0 0 1 2 3 5 7 6 4
1 35 0 4 1 2 3 5 7 6 0
1 31 0 1 2 3 0 5 7 6 4
1 32 0 1 2 3 4 5 7 6 0
1 33 0 0 2 3 1 5 7 6 4
1 36 0 4 2 3 1 5 7 6 0
1 35 0 0 2 3 4 5 7 6 1
1 35 0 1 2 0 4 5 7 6 3
1 36 0 1 0 2 4 5 7 6 3
1 37 0 0 1 2 4 5 7 6 3
1 40 0 3 1 2 4 5 7 6 0
1 34 0 1 2 3 4 0 7 6 5
1 35 0 0 2 3 4 1 7 6 5
1 38 0 5 2 3 4 1 7 6 0
1 37 0 1 0 3 4 2 7 6 5
1 38 0 0 1 3 4 2 7 6 5
1 41 0 5 1 3 4 2 7 6 0
1 37 0 1 2 3 0 4 7 6 5
1 38 0 1 2 3 5 4 7 6 0
1 39 0 0 2 3 1 4 7 6 5
1 42 0 5 2 3 1 4 7 6 0
1 41 0 0 2 3 5 4 7 6 1
1 38 0 1 2 0 3 4 7 6 5
1 39 0 1 0 2 3 4 7 6 5
1 40 0 0 1 2 3 4 7 6 5
1 43 0 5 1 2 3 4 7 6 0
1 41 0 1 2 0 5 4 7 6 3
1 42 0 1 0 2 5 4 7 6 3
1 43 0 0 1 2 5 4 7 6 3
1 46 0 3 1 2 5 4 7 6 0
1 33 0 1 2 3 4 5 7 0 6
1 34 0 1 2 0 4 5 7 3 6
1 35 0 1 0 2 4 5 7 3 6
1 36 0 0 1 2 4 5 7 3 6
1 39 0 6 1 2 4 5 7 3 0
1 34 0 1 2 3 4 5 0 7 6
1 35 0 1 0 3 4 5 2 7 6
1 36 0 0 1 3 4 5 2 7 6
1 39 0 6 1 3 4 5 2 7 0
1 35 0 1 2 3 4 0 5 7 6
1 37 0 1 2 3 4 6 5 7 0
1 36 0 0 2 3 4 1 5 7 6
1 39 0 6 2 3 4 1 5 7 0
1 40 0 0 2 3 4 6 5 7 1
1 38 0 1 0 3 4 2 5 7 6
1 39 0 0 1 3 4 2 5 7 6
1 42 0 6 1 3 4 2 5 7 0
1 40 0 1 2 0 4 6 5 7 3
1 41 0 1 0 2 4 6 5 7 3
1 42 0 0 1 2 4 6 5 7 3
1 45 0 3 1 2 4 6 5 7 0
1 38 0 1 2 3 0 4 5 7 6
1 39 0 1 2 3 6 4 5 7 0
1 40 0 0 2 3 1 4 5 7 6
1 43 0 6 2 3 1 4 5 7 0
1 42 0 0 2 3 6 4 5 7 1
1 39 0 1 2 0 3 4 5 7 6
1 40 0 1 0 2 3 4 5 7 6
1 41 0 0 1 2 3 4 5 7 6
1 44 0 6 1 2 3 4 5 7 0
1 42 0 1 2 0 6 4 5 7 3
1 43 0 1 0 2 6 4 5 7 3
1 44 0 0 1 2 6 4 5 7 3
1 47 0 3 1 2 6 4 5 7 0
1 38 0 1 2 3 0 6 5 7 4
1 40 0 0 2 3 1 6 5 7 4
1 43 0 4 2 3 1 6 5 7 0
1 39 0 1 2 0 3 6 5 7 4
1 40 0 1 0 2 3 6 5 7 4
1 41 0 0 1 2 3 6 5 7 4
1 44 0 4 1 2 3 6 5 7 0
1 38 0 1 2 3 4 6 5 0 7
1 39 0 1 2 0 4 6 5 3 7
1 40 0 1 0 2 4 6 5 3 7
1 41 0 0 1 2 4 6 5 3 7
1 44 0 7 1 2 4 6 5 3 0
1 39 0 1 2 3 4 6 0 5 7
1 40 0 1 0 3 4 6 2 5 7
1 41 0 0 1 3 4 6 2 5 7
1 44 0 7 1 3 4 6 2 5 0
1 40 0 1 2 3 4 0 6 5 7
1 42 0 1 2 3 4 7 6 5 0
1 41 0 0 2 3 4 1 6 5 7
1 44 0 7 2 3 4 1 6 5 0
1 45 0 0 2 3 4 7 6 5 1
1 43 0 1 0 3 4 2 6 5 7
1 44 0 0 1 3 4 2 6 5 7
1 47 0 7 1 3 4 2 6 5 0
1 45 0 1 2 0 4 7 6 5 3
1 46 0 1 0 2 4 7 6 5 3
1 47 0 0 1 2 4 7 6 5 3
1 50 0 3 1 2 4 7 6 5 0
1 43 0 1 2 3 0 4 6 5 7
1 44 0 1 2 3 7 4 6 5 0
1 45 0 0 2 3 1 4 6 5 7
1 48 0 7 2 3 1 4 6 5 0
1 47 0 0 2 3 7 4 6 5 1
1 44 0 1 2 0 3 4 6 5 7
1 45 0 1 0 2 3 4 6 5 7
1 46 0 0 1 2 3 4 6 5 7
1 49 0 7 1 2 3 4 6 5 0
1 47 0 1 2 0 7 4 6 5 3
1 48 0 1 0 2 7 4 6 5 3
1 49 0 0 1 2 7 4 6 5 3
1 52 0 3 1 2 7 4 6 5 0
1 43 0 1 2 3 0 7 6 5 4
1 45 0 0 2 3 1 7 6 5 4
1 48 0 4 2 3 1 7 6 5 0
1 44 0 1 2 0 3 7 6 5 4
1 45 0 1 0 2 3 7 6 5 4
1 46 0 0 1 2 3 7 6 5 4
1 49 0 4 1 2 3 7 6 5 0
1 35 0 1 2 3 4 7 0 6 5
1 36 0 1 0 3 4 7 2 6 5
1 37 0 0 1 3 4 7 2 6 5
1 40 0 5 1 3 4 7 2 6 0
1 36 0 1 2 3 4 7 6 0 5
1 37 0 1 2 0 4 7 6 3 5
1 38 0 1 0 2 4 7 6 3 5
1 39 0 0 1 2 4 7 6 3 5
1 42 0 5 1 2 4 7 6 3 0
1 34 0 1 2 3 5 0 7 6 4
1 35 0 0 2 3 5 1 7 6 4
1 38 0 4 2 3 5 1 7 6 0
1 37 0 1 0 3 5 2 7 6 4
1 38 0 0 1 3 5 2 7 6 4
1 41 0 4 1 3 5 2 7 6 0
1 46 0 1 2 3 5 4 6 0 7
1 47 0 1 2 3 5 4 6 7 0
1 50 0 0 2 3 5 4 6 7 1
1 47 0 1 2 0 5 4 6 3 7
1 48 0 1 0 2 5 4 6 3 7
1 49 0 0 1 2 5 4 6 3 7
1 52 0 7 1 2 5 4 6 3 0
1 50 0 1 2 0 5 4 6 7 3
1 51 0 1 0 2 5 4 6 7 3
1 52 0 0 1 2 5 4 6 7 3
1 55 0 3 1 2 5 4 6 7 0
1 48 0 1 2 3 0 4 6 7 5
1 50 0 0 2 3 1 4 6 7 5
1 53 0 5 2 3 1 4 6 7 0
1 49 0 1 2 0 3 4 6 7 5
1 50 0 1 0 2 3 4 6 7 5
1 51 0 0 1 2 3 4 6 7 5
1 54 0 5 1 2 3 4 6 7 0
1 51 0 1 2 3 4 0 6 7 5
1 53 0 1 2 3 4 5 6 7 0
