0 0 0 6 3 4 7 1 2 5 0
1 3 0 0 3 4 7 1 2 5 6
1 4 0 1 3 4 7 0 2 5 6
1 5 0 1 3 4 7 2 0 5 6
1 6 0 1 3 4 7 2 5 0 6
1 7 0 1 3 4 7 2 5 6 0
1 10 0 1 3 0 7 2 5 6 4
1 6 0 1 3 4 7 6 2 5 0
1 11 0 1 3 6 7 2 5 0 4
1 12 0 1 3 6 7 2 0 5 4
1 12 0 1 3 6 7 2 5 4 0
1 11 0 1 3 7 0 2 5 6 4
1 12 0 1 3 7 4 2 5 6 0
1 13 0 1 3 7 4 2 5 0 6
1 14 0 1 3 7 4 2 0 5 6
1 11 0 1 0 3 7 2 5 6 4
1 12 0 1 5 3 7 2 0 6 4
1 15 0 1 3 0 4 2 5 6 7
1 7 0 1 3 0 7 2 5 4 6
1 9 0 1 3 0 7 6 2 5 4
1 10 0 1 3 5 7 6 2 0 4
1 11 0 1 3 5 7 6 0 2 4
1 11 0 1 3 5 7 6 2 4 0
1 13 0 1 3 5 7 0 2 4 6
1 14 0 1 3 5 7 2 0 4 6
1 15 0 1 3 5 7 2 4 0 6
1 16 0 1 3 5 7 2 4 6 0
