7 1 6 1 2 3 6 5 0 7 4 
11 1 10 0 1 3 6 5 2 7 4 
9 1 8 1 3 0 6 5 2 7 4 
10 2 8 1 2 3 6 0 5 7 4 
8 2 6 1 2 3 6 5 7 0 4 
11 3 8 1 2 0 6 5 7 3 4 
9 3 6 1 2 3 6 5 7 4 0 
10 4 6 1 2 3 0 5 7 4 6 
17 5 12 1 2 3 6 0 7 4 5 
20 6 14 0 2 3 6 5 7 4 1 
16 6 10 1 2 0 6 5 7 4 3 
10 2 8 1 3 7 6 5 2 0 4 
8 2 6 1 3 6 0 5 2 7 4 
7 3 4 1 3 6 4 5 2 7 0 
16 4 12 0 3 6 1 5 2 7 4 
15 5 10 1 3 6 5 0 2 7 4 
13 5 8 1 3 6 7 5 2 0 4 
10 4 6 1 3 6 4 5 2 0 7 
15 5 10 1 3 6 4 0 2 7 5 
18 6 12 0 3 6 4 5 2 7 1 
12 6 6 1 3 0 4 5 2 7 6 
13 5 8 1 2 0 3 5 7 4 6 
18 6 12 0 2 3 1 5 7 4 6 
19 7 12 1 2 3 5 0 7 4 6 
11 7 4 1 2 3 4 5 7 0 6 
13 3 10 0 2 3 6 1 5 7 4 
12 4 8 1 2 3 6 4 5 7 0 
9 5 4 1 2 3 0 6 5 7 4 
15 5 10 1 0 3 6 2 5 7 4 
8 6 2 1 2 3 4 6 5 7 0 
12 6 6 1 2 0 3 6 5 7 4 
17 7 10 0 2 3 1 6 5 7 4 
14 8 6 1 2 3 7 6 5 0 4 
11 7 4 1 2 3 4 6 5 0 7 
14 8 6 1 2 3 4 0 5 7 6 
19 9 10 0 2 3 4 6 5 7 1 
15 9 6 1 2 0 4 6 5 7 3 
11 5 6 1 3 0 4 5 2 6 7 
13 5 8 1 3 6 4 5 0 2 7 
13 3 10 1 3 7 6 5 0 2 4 
11 3 8 1 3 7 6 5 2 4 0 
12 2 10 5 1 3 6 0 2 7 4 
9 3 6 6 1 3 0 5 2 7 4 
12 4 8 4 1 3 6 5 2 7 0 
12 4 8 2 1 3 6 5 0 7 4 
8 4 4 6 1 3 4 5 2 7 0 
12 4 8 6 1 0 3 5 2 7 4 
18 6 12 6 1 3 5 0 2 7 4 
14 6 8 6 1 3 7 5 2 0 4 
11 5 6 6 1 3 4 5 2 0 7 
16 6 10 6 1 3 4 0 2 7 5 
15 7 8 0 1 3 4 5 2 7 6 
15 7 8 6 1 0 4 5 2 7 3 
14 4 10 1 0 2 6 5 7 3 4 
10 4 6 1 2 6 0 5 7 3 4 
9 5 4 1 2 6 4 5 7 3 0 
18 6 12 0 2 6 1 5 7 3 4 
19 7 12 1 2 6 5 0 7 3 4 
13 7 6 1 2 6 3 5 7 0 4 
12 6 6 1 2 6 4 5 7 0 3 
17 7 10 1 2 6 4 0 7 3 5 
20 8 12 0 2 6 4 5 7 3 1 
14 8 6 1 2 0 4 5 7 3 6 
12 8 4 1 2 3 4 5 0 7 6 
10 8 2 1 2 3 4 5 7 6 0 
13 9 4 1 2 3 0 5 7 6 4 
18 10 8 1 2 3 4 0 7 6 5 
21 11 10 0 2 3 4 5 7 6 1 
17 11 6 1 2 0 4 5 7 6 3 
14 8 6 1 2 0 4 6 5 3 7 
14 8 6 1 2 3 4 6 0 5 7 
12 6 6 1 0 3 4 5 2 6 7 
12 6 6 1 3 4 0 5 2 6 7 
12 4 8 1 3 7 0 5 2 4 6 
15 5 10 1 3 7 6 0 2 4 5 
22 6 16 0 3 7 6 5 2 4 1 
16 6 10 1 3 0 6 5 2 4 7 
14 6 8 6 1 0 4 5 2 3 7 
14 6 8 6 1 3 4 5 0 2 7 
11 7 4 1 2 3 4 5 0 6 7 
15 7 8 0 1 3 4 5 2 6 7 
14 8 6 1 2 3 4 0 5 6 7 
10 8 2 1 2 3 4 5 6 0 7 
13 9 4 1 2 0 4 5 6 3 7 
9 9 0 1 2 3 4 5 6 7 0 
