0 0 0 3 0 1 4 2 6 5 7
2 1 0 0 3 1 4 2 6 5 7
2 4 0 7 3 1 4 2 6 5 0
2 2 0 2 3 1 4 0 6 5 7
2 4 0 2 3 1 4 7 6 5 0
2 7 0 0 3 1 4 7 6 5 2
2 5 0 2 0 1 4 3 6 5 7
2 6 0 0 2 1 4 3 6 5 7
2 9 0 7 2 1 4 3 6 5 0
2 6 0 2 1 0 4 3 6 5 7
2 7 0 2 1 4 0 3 6 5 7
2 8 0 2 1 4 7 3 6 5 0
2 9 0 0 1 4 2 3 6 5 7
2 12 0 7 1 4 2 3 6 5 0
2 11 0 0 1 4 7 3 6 5 2
2 10 0 1 0 4 2 3 6 5 7
2 12 0 1 0 4 7 3 6 5 2
2 11 0 1 4 0 2 3 6 5 7
2 13 0 1 4 0 7 3 6 5 2
2 12 0 1 4 2 0 3 6 5 7
2 13 0 1 4 2 7 3 6 5 0
2 14 0 0 4 2 1 3 6 5 7
2 17 0 7 4 2 1 3 6 5 0
2 16 0 0 4 2 7 3 6 5 1
2 15 0 1 4 2 3 0 6 5 7
2 17 0 1 4 2 3 7 6 5 0
2 16 0 0 4 2 3 1 6 5 7
2 19 0 7 4 2 3 1 6 5 0
2 20 0 0 4 2 3 7 6 5 1
2 18 0 1 0 2 3 4 6 5 7
2 19 0 0 1 2 3 4 6 5 7
2 22 0 7 1 2 3 4 6 5 0
2 19 0 1 2 0 3 4 6 5 7
2 20 0 1 2 3 0 4 6 5 7
2 21 0 1 2 3 7 4 6 5 0
2 22 0 0 2 3 1 4 6 5 7
2 25 0 7 2 3 1 4 6 5 0
2 24 0 0 2 3 7 4 6 5 1
2 24 0 1 2 0 7 4 6 5 3
2 25 0 1 0 2 7 4 6 5 3
2 26 0 0 1 2 7 4 6 5 3
2 29 0 3 1 2 7 4 6 5 0
2 23 0 1 2 3 4 0 6 5 7
2 25 0 1 2 3 4 7 6 5 0
2 24 0 0 2 3 4 1 6 5 7
2 27 0 7 2 3 4 1 6 5 0
2 28 0 0 2 3 4 7 6 5 1
2 26 0 1 0 3 4 2 6 5 7
2 27 0 0 1 3 4 2 6 5 7
2 30 0 7 1 3 4 2 6 5 0
2 28 0 1 2 0 4 7 6 5 3
2 29 0 1 0 2 4 7 6 5 3
2 30 0 0 1 2 4 7 6 5 3
2 33 0 3 1 2 4 7 6 5 0
2 26 0 1 2 3 0 7 6 5 4
2 28 0 0 2 3 1 7 6 5 4
2 31 0 4 2 3 1 7 6 5 0
2 27 0 1 2 0 3 7 6 5 4
2 28 0 1 0 2 3 7 6 5 4
2 29 0 0 1 2 3 7 6 5 4
2 32 0 4 1 2 3 7 6 5 0
2 24 0 1 2 3 4 6 0 5 7
2 25 0 1 0 3 4 6 2 5 7
2 26 0 0 1 3 4 6 2 5 7
2 29 0 7 1 3 4 6 2 5 0
2 25 0 1 2 3 4 6 5 0 7
2 26 0 1 2 3 4 6 5 7 0
2 29 0 0 2 3 4 6 5 7 1
2 26 0 1 2 0 4 6 5 3 7
2 27 0 1 0 2 4 6 5 3 7
2 28 0 0 1 2 4 6 5 3 7
2 31 0 7 1 2 4 6 5 3 0
2 29 0 1 2 0 4 6 5 7 3
2 30 0 1 0 2 4 6 5 7 3
2 31 0 0 1 2 4 6 5 7 3
2 34 0 3 1 2 4 6 5 7 0
2 27 0 1 2 3 0 6 5 7 4
2 29 0 0 2 3 1 6 5 7 4
2 32 0 4 2 3 1 6 5 7 0
2 28 0 1 2 0 3 6 5 7 4
2 29 0 1 0 2 3 6 5 7 4
2 30 0 0 1 2 3 6 5 7 4
2 33 0 4 1 2 3 6 5 7 0
2 28 0 1 2 3 4 0 5 7 6
2 29 0 0 2 3 4 1 5 7 6
2 32 0 6 2 3 4 1 5 7 0
2 31 0 1 0 3 4 2 5 7 6
2 32 0 0 1 3 4 2 5 7 6
2 35 0 6 1 3 4 2 5 7 0
2 31 0 1 2 3 0 4 5 7 6
2 32 0 1 2 3 6 4 5 7 0
2 33 0 0 2 3 1 4 5 7 6
2 36 0 6 2 3 1 4 5 7 0
2 35 0 0 2 3 6 4 5 7 1
2 32 0 1 2 0 3 4 5 7 6
2 33 0 1 0 2 3 4 5 7 6
2 34 0 0 1 2 3 4 5 7 6
2 37 0 6 1 2 3 4 5 7 0
2 35 0 1 2 0 6 4 5 7 3
2 36 0 1 0 2 6 4 5 7 3
2 37 0 0 1 2 6 4 5 7 3
2 40 0 3 1 2 6 4 5 7 0
2 29 0 1 2 3 4 5 0 7 6
2 30 0 1 0 3 4 5 2 7 6
2 31 0 0 1 3 4 5 2 7 6
2 34 0 6 1 3 4 5 2 7 0
2 30 0 1 2 3 4 5 7 0 6
2 31 0 1 2 3 4 5 7 6 0
2 34 0 0 2 3 4 5 7 6 1
2 31 0 1 2 0 4 5 7 3 6
2 32 0 1 0 2 4 5 7 3 6
2 33 0 0 1 2 4 5 7 3 6
2 36 0 6 1 2 4 5 7 3 0
2 34 0 1 2 0 4 5 7 6 3
2 35 0 1 0 2 4 5 7 6 3
2 36 0 0 1 2 4 5 7 6 3
2 39 0 3 1 2 4 5 7 6 0
2 32 0 1 2 3 0 5 7 6 4
2 34 0 0 2 3 1 5 7 6 4
2 37 0 4 2 3 1 5 7 6 0
2 33 0 1 2 0 3 5 7 6 4
2 34 0 1 0 2 3 5 7 6 4
2 35 0 0 1 2 3 5 7 6 4
2 38 0 4 1 2 3 5 7 6 0
2 33 0 1 2 3 4 0 7 6 5
2 34 0 0 2 3 4 1 7 6 5
2 37 0 5 2 3 4 1 7 6 0
2 36 0 1 0 3 4 2 7 6 5
2 37 0 0 1 3 4 2 7 6 5
2 40 0 5 1 3 4 2 7 6 0
2 36 0 1 2 3 0 4 7 6 5
2 37 0 1 2 3 5 4 7 6 0
2 38 0 0 2 3 1 4 7 6 5
2 41 0 5 2 3 1 4 7 6 0
2 40 0 0 2 3 5 4 7 6 1
2 37 0 1 2 0 3 4 7 6 5
2 38 0 1 0 2 3 4 7 6 5
2 39 0 0 1 2 3 4 7 6 5
2 42 0 5 1 2 3 4 7 6 0
2 40 0 1 2 0 5 4 7 6 3
2 41 0 1 0 2 5 4 7 6 3
2 42 0 0 1 2 5 4 7 6 3
2 45 0 3 1 2 5 4 7 6 0
2 34 0 1 2 3 4 7 0 6 5
2 35 0 1 0 3 4 7 2 6 5
2 36 0 0 1 3 4 7 2 6 5
2 39 0 5 1 3 4 7 2 6 0
2 35 0 1 2 3 4 7 6 0 5
2 36 0 1 2 0 4 7 6 3 5
2 37 0 1 0 2 4 7 6 3 5
2 38 0 0 1 2 4 7 6 3 5
2 41 0 5 1 2 4 7 6 3 0
2 35 0 1 2 3 5 0 7 6 4
2 36 0 0 2 3 5 1 7 6 4
2 39 0 4 2 3 5 1 7 6 0
2 38 0 1 0 3 5 2 7 6 4
2 39 0 0 1 3 5 2 7 6 4
2 42 0 4 1 3 5 2 7 6 0
2 23 0 1 2 3 5 4 6 0 7
2 24 0 1 2 3 5 4 6 7 0
2 27 0 0 2 3 5 4 6 7 1
2 24 0 1 2 0 5 4 6 3 7
2 25 0 1 0 2 5 4 6 3 7
2 26 0 0 1 2 5 4 6 3 7
2 29 0 7 1 2 5 4 6 3 0
2 27 0 1 2 0 5 4 6 7 3
2 28 0 1 0 2 5 4 6 7 3
2 29 0 0 1 2 5 4 6 7 3
2 32 0 3 1 2 5 4 6 7 0
2 25 0 1 2 3 0 4 6 7 5
2 27 0 0 2 3 1 4 6 7 5
2 30 0 5 2 3 1 4 6 7 0
2 26 0 1 2 0 3 4 6 7 5
2 27 0 1 0 2 3 4 6 7 5
2 28 0 0 1 2 3 4 6 7 5
2 31 0 5 1 2 3 4 6 7 0
2 28 0 1 2 3 4 0 6 7 5
2 30 0 1 2 3 4 5 6 7 0
