0 0 0 3 0 1 4 2 6 5 7
2 1 0 0 3 1 4 2 6 5 7
2 4 0 7 3 1 4 2 6 5 0
2 2 0 2 3 1 4 0 6 5 7
2 4 0 2 3 1 4 7 6 5 0
2 7 0 0 3 1 4 7 6 5 2
2 5 0 2 0 1 4 3 6 5 7
2 6 0 0 2 1 4 3 6 5 7
2 9 0 7 2 1 4 3 6 5 0
2 7 0 3 2 1 4 0 6 5 7
2 9 0 3 2 1 4 7 6 5 0
2 12 0 0 2 1 4 7 6 5 3
2 12 0 3 2 0 4 7 6 5 1
2 10 0 3 2 1 4 7 6 0 5
2 11 0 3 2 0 4 7 6 1 5
2 13 0 3 2 5 4 7 6 0 1
2 14 0 3 2 5 4 7 6 1 0
2 17 0 0 2 5 4 7 6 1 3
2 16 0 3 2 5 4 0 6 1 7
2 17 0 0 2 5 4 3 6 1 7
2 20 0 7 2 5 4 3 6 1 0
2 23 0 7 2 0 4 3 6 1 5
2 12 0 7 2 0 4 3 6 5 1
2 13 0 7 2 1 4 0 6 5 3
2 24 0 7 2 1 4 3 6 0 5
2 18 0 7 2 5 4 0 6 1 3
2 13 0 7 2 5 4 3 6 0 1
2 13 0 2 0 1 4 7 6 5 3
2 18 0 2 0 5 4 3 6 1 7
2 18 0 2 0 5 4 7 6 1 3
2 6 0 2 1 0 4 3 6 5 7
2 14 0 2 1 0 4 7 6 5 3
2 7 0 2 1 5 4 3 6 0 7
2 8 0 2 1 5 4 3 6 7 0
2 11 0 0 1 5 4 3 6 7 2
2 12 0 1 0 5 4 3 6 7 2
2 13 0 1 5 0 4 3 6 7 2
2 14 0 1 5 4 0 3 6 7 2
2 15 0 1 5 4 2 3 6 7 0
2 18 0 1 5 0 2 3 6 7 4
2 19 0 1 0 5 2 3 6 7 4
2 19 0 1 5 2 0 3 6 7 4
2 20 0 1 5 2 4 3 6 7 0
2 22 0 1 5 2 4 0 6 7 3
2 25 0 1 0 2 4 5 6 7 3
2 26 0 1 2 0 4 5 6 7 3
2 27 0 1 2 4 0 5 6 7 3
2 28 0 1 2 4 3 5 6 7 0
2 31 0 1 2 0 3 5 6 7 4
2 32 0 1 2 3 0 5 6 7 4
2 33 0 1 2 3 4 5 6 7 0
