0 0 0 3 0 1 4 2 6 5 7
2 1 0 3 1 0 4 2 6 5 7
2 2 0 3 1 5 4 2 6 0 7
2 3 0 3 1 5 4 2 0 6 7
2 3 0 3 1 5 4 2 6 7 0
2 4 0 3 1 5 4 0 2 6 7
2 6 0 3 1 5 4 7 2 6 0
2 7 0 3 1 5 0 4 2 6 7
2 8 0 3 1 5 7 4 2 6 0
2 10 0 3 1 5 7 0 2 6 4
2 11 0 3 1 5 7 2 0 6 4
2 12 0 3 1 5 7 2 6 0 4
2 13 0 3 1 5 7 2 6 4 0
2 9 0 3 1 5 7 4 2 0 6
2 10 0 3 1 5 7 4 0 2 6
2 11 0 3 1 5 7 0 4 2 6
2 13 0 3 1 5 7 6 4 2 0
2 14 0 3 1 5 7 6 4 0 2
2 13 0 3 0 5 7 1 2 6 4
2 14 0 0 3 5 7 1 2 6 4
2 15 0 1 3 5 7 0 2 6 4
2 16 0 1 3 5 7 2 0 6 4
2 17 0 1 3 5 7 4 2 6 0
2 17 0 1 3 5 7 2 6 0 4
2 18 0 1 3 5 7 2 6 4 0
2 18 0 1 3 5 7 4 2 0 6
2 19 0 1 3 5 7 4 0 2 6
2 20 0 1 3 5 7 0 4 2 6
2 22 0 1 3 5 7 6 4 2 0
2 23 0 1 3 5 7 6 4 0 2
2 17 0 1 0 5 7 2 3 6 4
2 18 0 1 3 5 0 4 2 6 7
2 23 0 1 3 5 0 6 4 2 7
2 18 0 1 3 5 0 7 2 6 4
2 19 0 1 3 5 4 7 2 6 0
2 23 0 1 3 5 0 7 4 2 6
2 26 0 1 3 5 2 6 4 0 7
2 27 0 1 3 5 2 6 4 7 0
2 26 0 1 3 5 2 7 4 0 6
2 27 0 1 3 5 2 7 4 6 0
2 28 0 1 3 5 0 7 4 6 2
2 31 0 1 3 5 7 0 4 6 2
2 33 0 1 3 5 7 2 4 6 0
