0 0 0 1 2 3 4 0 5 6 7 8 9 10 11
3 1 0 1 2 3 4 5 0 6 7 8 9 10 11
3 2 0 1 2 3 4 5 6 0 7 8 9 10 11
3 3 0 1 2 3 4 5 6 7 0 8 9 10 11
3 4 0 1 2 3 4 5 6 7 11 8 9 10 0
3 6 0 1 2 3 4 5 6 7 11 0 9 10 8
3 7 0 1 2 3 4 5 6 7 11 9 0 10 8
3 8 0 0 2 3 4 5 6 7 11 1 9 10 8
3 11 0 8 2 3 4 5 6 7 11 1 9 10 0
3 7 0 0 2 3 4 5 6 7 11 8 9 10 1
3 9 0 1 2 3 0 5 6 7 11 4 9 10 8
3 11 0 1 2 3 8 5 6 7 11 4 9 10 0
3 6 0 1 2 3 0 5 6 7 11 8 9 10 4
3 7 0 1 2 3 4 0 6 7 11 5 9 10 8
3 9 0 1 2 3 4 5 0 7 11 6 9 10 8
3 10 0 1 2 3 4 5 9 7 11 6 0 10 8
3 8 0 1 2 3 4 5 0 7 11 9 6 10 8
3 7 0 1 2 3 4 5 6 0 11 8 9 10 7
3 5 0 1 2 3 4 5 6 7 11 8 9 0 10
3 6 0 1 2 3 4 5 6 7 11 8 0 9 10
3 7 0 1 2 3 4 5 6 7 11 0 8 9 10
3 9 0 1 2 3 4 5 6 7 11 10 8 9 0
3 10 0 1 2 3 4 5 6 7 0 10 8 9 11
3 11 0 1 2 3 4 5 9 7 11 0 6 10 8
3 13 0 1 2 3 4 5 9 7 11 8 6 10 0
3 9 0 1 2 3 8 5 6 7 11 0 9 10 4
3 10 0 1 2 3 8 5 6 7 11 9 0 10 4
3 9 0 8 2 3 4 5 6 7 11 0 9 10 1
3 10 0 8 2 3 4 5 6 7 11 9 0 10 1
3 11 0 0 2 3 1 5 6 7 11 4 9 10 8
3 14 0 8 2 3 1 5 6 7 11 4 9 10 0
3 8 0 0 2 3 1 5 6 7 11 8 9 10 4
3 11 0 4 2 3 1 5 6 7 11 8 9 10 0
3 8 0 0 2 3 4 1 6 7 11 5 9 10 8
3 11 0 8 2 3 4 1 6 7 11 5 9 10 0
3 9 0 0 2 3 4 5 6 7 11 1 8 9 10
3 13 0 0 2 3 4 5 9 7 11 1 6 10 8
3 16 0 8 2 3 4 5 9 7 11 1 6 10 0
3 16 0 0 2 3 4 5 9 7 11 8 6 10 1
3 11 0 0 2 3 8 5 6 7 11 1 9 10 4
3 14 0 4 2 3 8 5 6 7 11 1 9 10 0
3 14 0 0 2 3 8 5 6 7 11 4 9 10 1
3 10 0 1 0 3 4 5 2 7 11 6 9 10 8
3 9 0 1 0 3 4 5 2 7 11 9 6 10 8
3 10 0 1 2 0 3 5 6 7 11 4 9 10 8
3 7 0 1 2 0 3 5 6 7 11 8 9 10 4
3 8 0 1 2 0 4 5 6 3 11 8 9 10 7
3 10 0 1 2 3 0 5 6 7 11 4 8 9 10
3 11 0 1 2 3 0 5 6 7 4 10 8 9 11
3 4 0 1 2 3 0 5 6 7 4 8 9 10 11
3 14 0 1 2 3 0 5 9 7 11 4 6 10 8
3 16 0 1 2 3 8 5 9 7 11 4 6 10 0
3 15 0 1 2 3 0 5 9 7 11 8 6 10 4
3 10 0 1 2 3 4 0 5 7 11 6 9 10 8
3 9 0 1 2 3 4 0 5 7 11 9 6 10 8
3 8 0 1 2 3 4 0 6 7 11 5 8 9 10
3 12 0 1 2 3 4 0 9 7 11 5 6 10 8
3 8 0 1 2 3 4 5 0 6 11 8 9 10 7
3 9 0 1 2 3 4 5 9 6 11 8 0 10 7
3 10 0 1 2 3 4 5 0 7 11 6 8 9 10
3 11 0 1 2 3 4 5 8 7 11 6 0 9 10
3 7 0 1 2 3 4 5 0 7 11 8 6 9 10
3 6 0 1 2 3 4 5 6 0 11 8 9 7 10
3 11 0 1 2 3 4 5 6 0 7 10 8 9 11
3 8 0 1 2 3 4 5 6 11 0 8 9 10 7
3 9 0 1 2 3 4 5 6 11 7 8 9 10 0
3 11 0 1 2 3 4 5 6 11 7 0 9 10 8
3 12 0 1 2 3 4 5 6 11 7 9 0 10 8
3 10 0 1 2 3 4 5 6 7 11 10 8 0 9
3 11 0 1 2 3 4 5 6 7 11 10 0 8 9
3 12 0 1 2 3 4 5 6 7 11 0 10 8 9
3 14 0 1 2 3 4 5 6 7 11 9 10 8 0
3 15 0 1 2 3 4 5 6 7 0 9 10 8 11
3 16 0 1 2 3 0 5 6 7 4 9 10 8 11
3 16 0 1 2 3 4 5 6 0 7 9 10 8 11
3 17 0 1 2 3 4 5 6 8 7 9 10 0 11
3 18 0 1 2 3 4 5 6 8 7 9 10 11 0
3 21 0 1 2 3 4 5 6 0 7 9 10 11 8
3 22 0 1 2 3 4 5 6 7 0 9 10 11 8
3 23 0 1 2 3 4 5 6 7 8 9 10 11 0
