0 0 1 2 3 4 0 5 6 7 8 9 10 11
0 1 1 2 3 4 5 0 6 7 8 9 10 11
0 1 1 2 3 4 5 6 0 7 8 9 10 11
0 1 1 2 3 4 5 6 7 0 8 9 10 11
0 1 1 2 3 4 5 6 7 11 8 9 10 0
0 2 1 2 3 4 5 6 7 11 0 9 10 8
0 1 1 2 3 4 5 6 7 11 9 0 10 8
0 1 1 2 3 4 5 6 7 11 9 10 0 8
0 1 1 2 3 4 5 6 7 11 9 10 8 0
0 1 1 2 3 4 5 6 7 0 9 10 8 11
0 1 1 2 3 4 5 6 0 7 9 10 8 11
0 1 1 2 3 4 5 6 8 7 9 10 0 11
0 1 1 2 3 4 5 6 8 7 9 10 11 0
0 3 1 2 3 4 5 6 0 7 9 10 11 8
0 1 1 2 3 4 5 6 7 0 9 10 11 8
0 1 1 2 3 4 5 6 7 8 9 10 11 0
TIME: 0.19404196739196777s, COST: 18
