0 0 0 1 2 3 4 0 5 6 7 8 9 10 11
3 1 0 1 2 3 4 5 0 6 7 8 9 10 11
3 2 0 1 2 3 4 5 6 0 7 8 9 10 11
3 3 0 1 2 3 4 5 6 10 7 8 9 0 11
3 4 0 1 2 3 4 5 6 10 7 8 9 11 0
3 6 0 1 2 3 4 5 6 10 7 0 9 11 8
3 7 0 1 2 3 4 5 6 10 7 9 0 11 8
3 8 0 1 2 3 4 5 6 10 7 9 11 0 8
3 9 0 1 2 3 4 5 6 10 7 9 11 8 0
3 11 0 1 2 3 4 5 6 10 7 0 11 8 9
3 14 0 1 2 3 4 5 0 10 7 6 11 8 9
3 9 0 1 2 3 4 5 6 0 7 9 11 10 8
3 10 0 1 2 3 4 5 6 7 0 9 11 10 8
3 11 0 1 2 3 4 5 6 7 8 9 11 10 0
3 13 0 1 2 3 4 5 6 7 8 0 11 10 9
3 12 0 1 2 3 4 5 6 7 8 9 11 0 10
3 13 0 1 2 3 4 5 6 7 8 9 0 11 10
3 16 0 1 2 3 4 5 0 7 8 6 11 10 9
3 14 0 1 2 3 4 5 6 7 8 0 9 11 10
3 16 0 1 2 3 4 5 6 7 8 10 9 11 0
3 14 0 1 2 3 4 5 6 7 8 11 0 10 9
3 15 0 1 2 3 4 5 6 7 8 11 10 0 9
3 16 0 1 2 3 4 5 6 7 8 11 10 9 0
3 18 0 1 2 3 4 5 6 7 8 0 10 9 11
3 21 0 1 2 3 4 5 0 7 8 6 10 9 11
3 22 0 1 2 3 4 0 5 7 8 6 10 9 11
3 23 0 1 2 3 4 6 5 7 8 0 10 9 11
3 25 0 1 2 3 4 6 5 7 8 11 10 9 0
3 26 0 1 2 3 4 6 5 7 8 11 10 0 9
3 17 0 1 2 3 4 0 5 7 8 6 11 10 9
3 18 0 1 2 3 4 6 5 7 8 0 11 10 9
3 20 0 1 2 3 4 6 5 7 8 9 11 10 0
3 21 0 1 2 3 4 6 5 7 8 9 11 0 10
3 22 0 1 2 3 4 6 5 7 8 9 0 11 10
3 19 0 1 2 3 4 0 6 7 8 5 10 9 11
3 14 0 1 2 3 4 0 6 7 8 5 11 10 9
3 17 0 1 2 3 4 5 0 7 8 6 9 11 10
3 18 0 1 2 3 4 5 9 7 8 6 0 11 10
3 19 0 1 2 3 4 5 9 7 8 6 11 0 10
3 20 0 1 2 3 4 5 9 7 8 6 11 10 0
3 22 0 1 2 3 4 5 9 7 8 0 11 10 6
3 25 0 1 2 3 4 5 0 7 8 9 11 10 6
3 26 0 1 2 3 4 0 5 7 8 9 11 10 6
3 14 0 1 2 3 4 5 0 7 8 9 6 11 10
3 17 0 1 2 3 4 5 11 7 8 6 0 10 9
3 18 0 1 2 3 4 5 11 7 8 6 10 0 9
3 19 0 1 2 3 4 5 11 7 8 6 10 9 0
3 21 0 1 2 3 4 5 11 7 8 0 10 9 6
3 24 0 1 2 3 4 5 0 7 8 11 10 9 6
3 26 0 1 2 3 4 5 11 7 8 9 0 10 6
3 27 0 1 2 3 4 5 11 7 8 9 10 0 6
3 28 0 1 2 3 4 5 11 7 8 9 10 6 0
3 30 0 1 2 3 4 5 11 7 8 0 10 6 9
3 33 0 1 2 3 4 5 0 7 8 11 10 6 9
3 12 0 1 2 3 4 5 6 0 7 9 11 8 10
3 13 0 1 2 3 4 5 6 7 0 9 11 8 10
3 14 0 1 2 3 4 5 6 7 10 9 11 8 0
3 16 0 1 2 3 4 5 6 7 10 0 11 8 9
3 15 0 1 2 3 4 5 6 7 10 9 11 0 8
3 16 0 1 2 3 4 5 6 7 10 9 0 11 8
3 13 0 1 2 3 4 5 6 8 7 9 11 0 10
3 14 0 1 2 3 4 5 6 8 7 9 11 10 0
3 16 0 1 2 3 4 5 6 8 7 0 11 10 9
3 14 0 1 2 3 4 5 6 8 7 9 0 11 10
3 19 0 1 2 3 4 5 0 7 10 6 11 8 9
3 19 0 1 2 3 4 5 0 8 7 6 11 10 9
3 16 0 1 2 3 4 5 6 0 8 11 10 7 9
3 14 0 1 2 3 4 5 6 0 8 9 11 10 7
3 15 0 1 2 3 4 5 6 10 8 9 11 0 7
3 16 0 1 2 3 4 5 6 10 8 9 11 7 0
3 18 0 1 2 3 4 5 6 10 8 0 11 7 9
3 16 0 1 2 3 4 5 6 10 8 9 0 11 7
3 21 0 1 2 3 4 5 0 10 8 6 11 7 9
3 19 0 1 2 3 4 5 6 0 8 9 11 7 10
3 17 0 1 2 3 4 5 6 10 0 9 11 7 8
3 10 0 1 2 3 4 5 6 10 0 9 11 8 7
3 12 0 1 2 3 4 5 6 10 7 11 0 8 9
3 13 0 1 2 3 4 5 6 10 7 11 8 0 9
3 14 0 1 2 3 4 5 6 10 7 11 8 9 0
3 16 0 1 2 3 4 5 6 10 7 0 8 9 11
3 17 0 1 2 3 4 5 6 10 7 8 0 9 11
3 17 0 1 2 3 4 5 6 10 8 0 9 11 7
3 19 0 1 2 3 4 5 6 10 8 7 9 11 0
3 19 0 1 2 3 4 5 6 10 8 11 0 7 9
3 20 0 1 2 3 4 5 6 10 8 11 7 0 9
3 21 0 1 2 3 4 5 6 10 8 11 7 9 0
3 23 0 1 2 3 4 5 6 10 8 0 7 9 11
3 26 0 1 2 3 4 5 0 10 8 6 7 9 11
3 21 0 1 2 3 4 5 6 0 8 11 7 10 9
3 24 0 1 2 3 4 5 6 10 8 7 0 9 11
3 25 0 1 2 3 4 5 6 10 8 7 9 0 11
3 17 0 1 2 3 4 5 6 7 0 11 10 9 8
3 3 0 1 2 3 4 5 6 7 0 8 9 10 11
3 4 0 1 2 3 4 5 6 7 11 8 9 10 0
3 17 0 1 2 3 4 5 6 7 10 0 9 11 8
3 19 0 1 2 3 4 5 6 7 10 8 9 11 0
3 20 0 1 2 3 4 5 6 7 0 8 9 11 10
3 17 0 1 2 3 4 5 6 7 10 11 0 8 9
3 18 0 1 2 3 4 5 6 7 10 11 8 0 9
3 19 0 1 2 3 4 5 6 7 10 11 8 9 0
3 21 0 1 2 3 4 5 6 7 10 0 8 9 11
3 22 0 1 2 3 4 5 6 7 10 8 0 9 11
3 23 0 1 2 3 4 5 6 7 10 8 9 0 11
3 6 0 1 2 3 4 5 6 7 11 0 9 10 8
3 7 0 1 2 3 4 5 6 7 11 9 0 10 8
3 8 0 1 2 3 4 5 6 7 11 9 10 0 8
3 9 0 1 2 3 4 5 6 7 11 9 10 8 0
3 10 0 1 2 3 4 5 6 7 0 9 10 8 11
3 11 0 1 2 3 4 5 6 7 11 0 10 8 9
3 14 0 1 2 3 4 5 0 7 11 6 10 8 9
3 11 0 1 2 3 4 5 6 0 7 9 10 8 11
3 12 0 1 2 3 4 5 6 8 7 9 10 0 11
3 13 0 1 2 3 4 5 6 8 7 9 10 11 0
3 15 0 1 2 3 4 5 6 8 7 0 10 11 9
3 18 0 1 2 3 4 5 0 8 7 6 10 11 9
3 16 0 1 2 3 4 5 6 0 7 9 10 11 8
3 17 0 1 2 3 4 5 6 7 0 9 10 11 8
3 18 0 1 2 3 4 5 6 7 8 9 10 11 0
